task_id,task_type,priority,offset_ms,submit_ms,start_ms,end_ms,latency_ms,status,worker,exec_ms
mixed-2005-00000~s20-20260927r47,GRAPH_TASK,8,38,63,127,1044,981,COMPLETED,worker-1,522
mixed-2005-00001~s20-20260927r47,FILE_IO_TASK,3,40,68,131,772,704,COMPLETED,worker-1,309
mixed-2005-00002~s20-20260927r47,COMPRESS_TASK,6,212,219,266,1329,1110,COMPLETED,worker-2,847
mixed-2005-00003~s20-20260927r47,HASH_TASK,7,261,271,354,587,316,COMPLETED,worker-3,105
mixed-2005-00004~s20-20260927r47,COMPRESS_TASK,2,311,317,594,1218,901,COMPLETED,worker-2,659
mixed-2005-00005~s20-20260927r47,HASH_TASK,4,414,448,795,901,453,COMPLETED,worker-2,102
mixed-2005-00006~s20-20260927r47,MATRIX_TASK,8,421,458,904,1055,597,COMPLETED,worker-2,93
mixed-2005-00007~s20-20260927r47,HASH_TASK,7,577,591,1057,1057,466,COMPLETED,worker-3,67
mixed-2005-00008~s20-20260927r47,HTTP_TASK,6,637,645,1068,1510,865,COMPLETED,worker-3,441
mixed-2005-00009~s20-20260927r47,GRAPH_TASK,1,665,685,1080,1422,737,COMPLETED,worker-3,284
mixed-2005-00010~s20-20260927r47,HTTP_TASK,9,666,688,1233,1602,914,COMPLETED,worker-3,319
mixed-2005-00011~s20-20260927r47,SLEEP_TASK,9,671,694,1236,1959,1265,COMPLETED,worker-3,699
mixed-2005-00012~s20-20260927r47,SLEEP_TASK,8,675,699,1432,2042,1343,COMPLETED,worker-3,640
mixed-2005-00013~s20-20260927r47,HTTP_TASK,4,734,744,1518,1612,868,COMPLETED,worker-3,88
mixed-2005-00014~s20-20260927r47,FILE_IO_TASK,1,765,778,1616,1616,838,COMPLETED,worker-3,31
mixed-2005-00015~s20-20260927r47,HTTP_TASK,6,792,809,1620,1743,934,COMPLETED,worker-3,100
mixed-2005-00016~s20-20260927r47,SORT_TASK,6,805,813,1623,1745,932,COMPLETED,worker-3,42
mixed-2005-00017~s20-20260927r47,MONTE_CARLO_TASK,6,935,957,1628,2125,1168,COMPLETED,worker-1,474
mixed-2005-00018~s20-20260927r47,HASH_TASK,10,1075,1105,1750,1750,645,COMPLETED,worker-1,46
mixed-2005-00019~s20-20260927r47,GRAPH_TASK,10,1290,1294,1752,1830,536,COMPLETED,worker-1,91
mixed-2005-00020~s20-20260927r47,MONTE_CARLO_TASK,6,1349,1355,1831,2044,689,COMPLETED,worker-1,209
mixed-2005-00021~s20-20260927r47,MATRIX_TASK,5,1396,1400,1967,2125,725,COMPLETED,worker-1,30
mixed-2005-00022~s20-20260927r47,GRAPH_TASK,6,1417,1422,2050,2285,863,COMPLETED,worker-1,150
mixed-2005-00023~s20-20260927r47,MATRIX_TASK,5,1424,1428,2050,2209,781,COMPLETED,worker-1,76
mixed-2005-00024~s20-20260927r47,SORT_TASK,2,1476,1484,2131,2287,803,COMPLETED,worker-1,55
mixed-2005-00025~s20-20260927r47,CPU_TASK,7,1693,1697,2133,2215,518,COMPLETED,worker-2,24
mixed-2005-00026~s20-20260927r47,HASH_TASK,8,1866,1870,2217,2217,347,COMPLETED,worker-2,35
mixed-2005-00027~s20-20260927r47,CPU_TASK,1,1888,1893,2218,2218,325,COMPLETED,worker-2,2
mixed-2005-00028~s20-20260927r47,MONTE_CARLO_TASK,10,1916,1919,2220,2352,433,COMPLETED,worker-2,145
mixed-2005-00029~s20-20260927r47,SORT_TASK,9,1972,1980,2222,2290,310,COMPLETED,worker-2,32
mixed-2005-00030~s20-20260927r47,CPU_TASK,6,2168,2172,2292,2292,120,COMPLETED,worker-2,12
mixed-2005-00031~s20-20260927r47,HTTP_TASK,7,2192,2200,2293,2710,510,COMPLETED,worker-1,449
mixed-2005-00032~s20-20260927r47,MONTE_CARLO_TASK,7,2300,2301,2355,2415,114,COMPLETED,worker-2,95
mixed-2005-00033~s20-20260927r47,HASH_TASK,3,2409,2409,2417,2471,62,COMPLETED,worker-2,6
mixed-2005-00034~s20-20260927r47,CPU_TASK,8,2420,2423,2473,2473,50,COMPLETED,worker-2,9
mixed-2005-00035~s20-20260927r47,HASH_TASK,7,2462,2468,2527,2527,59,COMPLETED,worker-2,30
mixed-2005-00036~s20-20260927r47,FILE_IO_TASK,8,2486,2491,2528,2587,96,COMPLETED,worker-2,40
mixed-2005-00037~s20-20260927r47,MONTE_CARLO_TASK,3,2627,2631,2648,2764,133,COMPLETED,worker-2,92
mixed-2005-00038~s20-20260927r47,COMPRESS_TASK,10,2728,2730,2765,3018,288,COMPLETED,worker-3,265
mixed-2005-00039~s20-20260927r47,MATRIX_TASK,4,2735,2736,2767,2767,31,COMPLETED,worker-1,13
mixed-2005-00040~s20-20260927r47,MATRIX_TASK,1,2764,2770,2830,2830,60,COMPLETED,worker-1,5
mixed-2005-00041~s20-20260927r47,GRAPH_TASK,4,2771,2774,2832,2891,117,COMPLETED,worker-1,64
mixed-2005-00042~s20-20260927r47,HASH_TASK,10,2827,2829,2891,2891,62,COMPLETED,worker-1,26
mixed-2005-00043~s20-20260927r47,MATRIX_TASK,4,3114,3115,3137,3197,82,COMPLETED,worker-3,29
mixed-2005-00044~s20-20260927r47,MONTE_CARLO_TASK,6,3200,3201,3249,3368,167,COMPLETED,worker-3,124
mixed-2005-00045~s20-20260927r47,HTTP_TASK,3,3285,3286,3302,3744,458,COMPLETED,worker-1,438
mixed-2005-00046~s20-20260927r47,FILE_IO_TASK,1,3286,3286,3302,3372,86,COMPLETED,worker-1,43
mixed-2005-00047~s20-20260927r47,MATRIX_TASK,8,3418,3419,3435,3502,83,COMPLETED,worker-3,9
mixed-2005-00048~s20-20260927r47,MATRIX_TASK,7,3494,3500,3556,3556,56,COMPLETED,worker-3,4
mixed-2005-00049~s20-20260927r47,CPU_TASK,9,3501,3505,3557,3557,52,COMPLETED,worker-1,16
mixed-2005-00050~s20-20260927r47,FILE_IO_TASK,6,3542,3544,3558,3613,69,COMPLETED,worker-3,24
mixed-2005-00051~s20-20260927r47,COMPRESS_TASK,5,3660,3663,3676,3872,209,COMPLETED,worker-3,156
mixed-2005-00052~s20-20260927r47,SORT_TASK,6,3752,3760,3808,3808,48,COMPLETED,worker-2,4
mixed-2005-00053~s20-20260927r47,MATRIX_TASK,10,3906,3906,3925,3925,19,COMPLETED,worker-2,6
mixed-2005-00054~s20-20260927r47,MATRIX_TASK,1,3981,3982,3998,3998,16,COMPLETED,worker-2,3
mixed-2005-00055~s20-20260927r47,HASH_TASK,10,4002,4014,4062,4062,48,COMPLETED,worker-2,29
mixed-2005-00056~s20-20260927r47,FILE_IO_TASK,3,4077,4078,4139,4139,61,COMPLETED,worker-2,45
mixed-2005-00057~s20-20260927r47,CPU_TASK,10,4121,4123,4139,4204,81,COMPLETED,worker-3,19
mixed-2005-00058~s20-20260927r47,HTTP_TASK,4,4290,4295,4321,4445,150,COMPLETED,worker-2,128
mixed-2005-00059~s20-20260927r47,MATRIX_TASK,4,4332,4334,4382,4382,48,COMPLETED,worker-3,21
mixed-2005-00060~s20-20260927r47,GRAPH_TASK,10,4466,4467,4499,4499,32,COMPLETED,worker-2,13
mixed-2005-00061~s20-20260927r47,CPU_TASK,2,4616,4617,4633,4633,16,COMPLETED,worker-2,9
mixed-2005-00062~s20-20260927r47,SORT_TASK,1,4712,4714,4750,4803,89,COMPLETED,worker-1,36
mixed-2005-00063~s20-20260927r47,HASH_TASK,8,4752,4754,4803,4803,49,COMPLETED,worker-2,4
mixed-2005-00064~s20-20260927r47,MATRIX_TASK,5,5094,5094,5131,5131,37,COMPLETED,worker-1,15
mixed-2005-00065~s20-20260927r47,CPU_TASK,8,5108,5114,5132,5132,18,COMPLETED,worker-2,1
mixed-2005-00066~s20-20260927r47,SORT_TASK,4,5161,5161,5194,5391,230,COMPLETED,worker-1,177
mixed-2005-00067~s20-20260927r47,MONTE_CARLO_TASK,2,5390,5391,5443,5561,170,COMPLETED,worker-1,133
mixed-2005-00068~s20-20260927r47,SLEEP_TASK,8,5414,5420,5444,5619,199,COMPLETED,worker-2,144
mixed-2005-00069~s20-20260927r47,MONTE_CARLO_TASK,10,5439,5443,5498,5498,55,COMPLETED,worker-3,33
mixed-2005-00070~s20-20260927r47,HASH_TASK,4,5450,5453,5499,5499,46,COMPLETED,worker-1,6
mixed-2005-00071~s20-20260927r47,CPU_TASK,10,5589,5590,5620,5620,30,COMPLETED,worker-1,9
mixed-2005-00072~s20-20260927r47,HTTP_TASK,6,5594,5597,5622,5807,210,COMPLETED,worker-2,187
mixed-2005-00073~s20-20260927r47,SORT_TASK,9,5611,5615,5623,5680,65,COMPLETED,worker-1,11
mixed-2005-00074~s20-20260927r47,FILE_IO_TASK,8,5630,5635,5680,5680,45,COMPLETED,worker-1,40
mixed-2005-00075~s20-20260927r47,MONTE_CARLO_TASK,2,5661,5663,5682,5749,86,COMPLETED,worker-3,68
mixed-2005-00076~s20-20260927r47,FILE_IO_TASK,8,5733,5733,5749,5811,78,COMPLETED,worker-1,33
mixed-2005-00077~s20-20260927r47,SORT_TASK,7,5797,5805,5863,5863,58,COMPLETED,worker-1,18
mixed-2005-00078~s20-20260927r47,SORT_TASK,8,5942,5943,5984,5984,41,COMPLETED,worker-1,16
mixed-2005-00079~s20-20260927r47,MATRIX_TASK,3,5970,5974,5985,6052,78,COMPLETED,worker-1,5
mixed-2005-00080~s20-20260927r47,MATRIX_TASK,1,6089,6089,6120,6178,89,COMPLETED,worker-1,50
mixed-2005-00081~s20-20260927r47,SORT_TASK,10,6102,6105,6121,6179,74,COMPLETED,worker-3,21
mixed-2005-00082~s20-20260927r47,HTTP_TASK,9,6145,6161,6179,6601,440,COMPLETED,worker-1,391
mixed-2005-00083~s20-20260927r47,COMPRESS_TASK,6,6210,6213,6233,6349,136,COMPLETED,worker-3,80
mixed-2005-00084~s20-20260927r47,HASH_TASK,6,6251,6253,6284,6284,31,COMPLETED,worker-1,27
mixed-2005-00085~s20-20260927r47,HTTP_TASK,2,6254,6256,6284,7268,1012,COMPLETED,worker-3,260
mixed-2005-00086~s20-20260927r47,SORT_TASK,5,6337,6338,6350,6350,12,COMPLETED,worker-3,1
mixed-2005-00087~s20-20260927r47,SORT_TASK,1,6350,6352,6406,6406,54,COMPLETED,worker-3,16
mixed-2005-00088~s20-20260927r47,MONTE_CARLO_TASK,10,6363,6367,6407,6604,237,COMPLETED,worker-1,214
mixed-2005-00089~s20-20260927r47,CPU_TASK,8,6373,6376,6408,6408,32,COMPLETED,worker-3,7
mixed-2005-00090~s20-20260927r47,GRAPH_TASK,8,6397,6400,6409,6476,76,COMPLETED,worker-3,35
mixed-2005-00091~s20-20260927r47,SLEEP_TASK,3,6466,6472,6477,6920,448,COMPLETED,worker-3,405
mixed-2005-00092~s20-20260927r47,SORT_TASK,6,6487,6493,6606,7000,507,COMPLETED,worker-3,2
mixed-2005-00093~s20-20260927r47,MONTE_CARLO_TASK,8,6525,6533,6607,7001,468,COMPLETED,worker-1,42
mixed-2005-00094~s20-20260927r47,HASH_TASK,8,6749,6751,6788,6859,108,COMPLETED,worker-1,47
mixed-2005-00095~s20-20260927r47,HTTP_TASK,9,6887,6888,6920,7433,545,COMPLETED,worker-1,503
mixed-2005-00096~s20-20260927r47,MATRIX_TASK,6,7030,7030,7075,7075,45,COMPLETED,worker-1,25
mixed-2005-00097~s20-20260927r47,CPU_TASK,9,7157,7158,7207,7207,49,COMPLETED,worker-1,12
mixed-2005-00098~s20-20260927r47,CPU_TASK,4,7179,7181,7208,7208,27,COMPLETED,worker-1,8
mixed-2005-00099~s20-20260927r47,GRAPH_TASK,4,7197,7199,7209,7270,71,COMPLETED,worker-1,34
mixed-2005-00100~s20-20260927r47,HASH_TASK,10,7284,7285,7323,7380,95,COMPLETED,worker-1,44
mixed-2005-00101~s20-20260927r47,CPU_TASK,10,7289,7291,7324,7324,33,COMPLETED,worker-3,7
mixed-2005-00102~s20-20260927r47,HASH_TASK,10,7317,7322,7381,7381,59,COMPLETED,worker-3,20
mixed-2005-00103~s20-20260927r47,COMPRESS_TASK,9,7343,7347,7382,7863,516,COMPLETED,worker-1,447
mixed-2005-00104~s20-20260927r47,MONTE_CARLO_TASK,9,7389,7393,7434,7491,98,COMPLETED,worker-3,93
mixed-2005-00105~s20-20260927r47,SLEEP_TASK,1,7426,7427,7436,7609,182,COMPLETED,worker-1,131
mixed-2005-00106~s20-20260927r47,CPU_TASK,10,7426,7427,7437,7437,10,COMPLETED,worker-3,1
mixed-2005-00107~s20-20260927r47,COMPRESS_TASK,8,7644,7659,7676,7864,205,COMPLETED,worker-3,189
mixed-2005-00108~s20-20260927r47,COMPRESS_TASK,1,7700,7701,7733,8049,348,COMPLETED,worker-1,292
mixed-2005-00109~s20-20260927r47,SLEEP_TASK,2,7925,7927,7993,8703,776,COMPLETED,worker-3,744
mixed-2005-00110~s20-20260927r47,SLEEP_TASK,6,7927,7929,7996,8513,584,COMPLETED,worker-1,526
mixed-2005-00111~s20-20260927r47,HTTP_TASK,1,8005,8009,8051,8225,216,COMPLETED,worker-1,187
mixed-2005-00112~s20-20260927r47,SORT_TASK,6,8015,8022,8052,8300,278,COMPLETED,worker-3,235
mixed-2005-00113~s20-20260927r47,SORT_TASK,9,8036,8037,8227,8227,190,COMPLETED,worker-1,3
mixed-2005-00114~s20-20260927r47,MATRIX_TASK,6,8086,8089,8228,8302,213,COMPLETED,worker-1,22
mixed-2005-00115~s20-20260927r47,CPU_TASK,9,8117,8120,8303,8303,183,COMPLETED,worker-1,12
mixed-2005-00116~s20-20260927r47,MATRIX_TASK,6,8144,8145,8305,8305,160,COMPLETED,worker-1,29
mixed-2005-00117~s20-20260927r47,HTTP_TASK,9,8161,8165,8306,8706,541,COMPLETED,worker-1,408
mixed-2005-00118~s20-20260927r47,MONTE_CARLO_TASK,3,8172,8175,8307,8707,532,COMPLETED,worker-1,233
mixed-2005-00119~s20-20260927r47,CPU_TASK,10,8219,8221,8515,8767,546,COMPLETED,worker-1,19
mixed-2005-00120~s20-20260927r47,COMPRESS_TASK,5,8294,8298,8709,9018,720,COMPLETED,worker-3,320
mixed-2005-00121~s20-20260927r47,CPU_TASK,10,8355,8359,8710,8710,351,COMPLETED,worker-3,2
mixed-2005-00122~s20-20260927r47,SORT_TASK,3,8398,8401,8711,8884,483,COMPLETED,worker-3,131
mixed-2005-00123~s20-20260927r47,MATRIX_TASK,9,8547,8549,8712,8770,221,COMPLETED,worker-3,11
mixed-2005-00124~s20-20260927r47,MATRIX_TASK,3,8612,8613,8771,8771,158,COMPLETED,worker-3,21
mixed-2005-00125~s20-20260927r47,COMPRESS_TASK,9,8622,8625,8772,9021,396,COMPLETED,worker-3,245
mixed-2005-00126~s20-20260927r47,SLEEP_TASK,7,8749,8751,8773,9568,817,COMPLETED,worker-1,777
mixed-2005-00127~s20-20260927r47,CPU_TASK,8,8786,8788,8885,8885,97,COMPLETED,worker-1,4
mixed-2005-00128~s20-20260927r47,GRAPH_TASK,8,8804,8806,8886,8886,80,COMPLETED,worker-1,17
mixed-2005-00129~s20-20260927r47,MATRIX_TASK,3,8805,8809,8887,8956,147,COMPLETED,worker-1,53
mixed-2005-00130~s20-20260927r47,HTTP_TASK,6,8820,8822,8957,9095,273,COMPLETED,worker-1,101
mixed-2005-00131~s20-20260927r47,SORT_TASK,5,8858,8859,9030,9030,171,COMPLETED,worker-3,4
mixed-2005-00132~s20-20260927r47,COMPRESS_TASK,4,9047,9052,9096,9329,277,COMPLETED,worker-3,229
mixed-2005-00133~s20-20260927r47,HTTP_TASK,9,9101,9102,9149,9330,228,COMPLETED,worker-3,214
mixed-2005-00134~s20-20260927r47,FILE_IO_TASK,8,9376,9377,9392,9454,77,COMPLETED,worker-3,41
mixed-2005-00135~s20-20260927r47,CPU_TASK,5,9536,9536,9569,9569,33,COMPLETED,worker-3,6
mixed-2005-00136~s20-20260927r47,CPU_TASK,8,9575,9578,9626,9626,48,COMPLETED,worker-3,2
mixed-2005-00137~s20-20260927r47,SLEEP_TASK,7,9670,9671,9690,10211,540,COMPLETED,worker-3,474
mixed-2005-00138~s20-20260927r47,FILE_IO_TASK,10,9712,9716,9741,9800,84,COMPLETED,worker-1,68
mixed-2005-00139~s20-20260927r47,COMPRESS_TASK,10,9773,9774,9800,10211,437,COMPLETED,worker-1,417
mixed-2005-00140~s20-20260927r47,CPU_TASK,9,9813,9815,9853,9853,38,COMPLETED,worker-1,4
mixed-2005-00141~s20-20260927r47,MONTE_CARLO_TASK,3,9829,9834,9853,10084,250,COMPLETED,worker-1,222
mixed-2005-00142~s20-20260927r47,COMPRESS_TASK,2,9886,9893,9911,10021,128,COMPLETED,worker-3,114
mixed-2005-00143~s20-20260927r47,MONTE_CARLO_TASK,10,9936,9939,10022,10146,207,COMPLETED,worker-1,41
mixed-2005-00144~s20-20260927r47,CPU_TASK,5,10007,10011,10086,10147,136,COMPLETED,worker-1,14
mixed-2005-00145~s20-20260927r47,CPU_TASK,10,10153,10155,10211,10211,56,COMPLETED,worker-3,3
mixed-2005-00146~s20-20260927r47,FILE_IO_TASK,10,10193,10195,10211,10277,82,COMPLETED,worker-1,62
mixed-2005-00147~s20-20260927r47,GRAPH_TASK,1,10336,10342,10406,10406,64,COMPLETED,worker-1,42
mixed-2005-00148~s20-20260927r47,SORT_TASK,8,10351,10354,10408,10408,54,COMPLETED,worker-3,2
mixed-2005-00149~s20-20260927r47,COMPRESS_TASK,6,10405,10406,10458,10513,107,COMPLETED,worker-1,72
mixed-2005-00150~s20-20260927r47,MONTE_CARLO_TASK,10,10453,10456,10459,10577,121,COMPLETED,worker-3,103
mixed-2005-00151~s20-20260927r47,HASH_TASK,9,10621,10621,10635,10695,74,COMPLETED,worker-1,22
mixed-2005-00152~s20-20260927r47,SORT_TASK,2,10784,10793,10825,10825,32,COMPLETED,worker-1,4
mixed-2005-00153~s20-20260927r47,FILE_IO_TASK,10,10811,10815,10825,10934,119,COMPLETED,worker-1,83
mixed-2005-00154~s20-20260927r47,FILE_IO_TASK,9,10812,10815,10826,10935,120,COMPLETED,worker-3,59
mixed-2005-00155~s20-20260927r47,SORT_TASK,8,10841,10844,10881,10999,155,COMPLETED,worker-1,100
mixed-2005-00156~s20-20260927r47,MONTE_CARLO_TASK,2,10950,10952,10999,11060,108,COMPLETED,worker-1,90
mixed-2005-00157~s20-20260927r47,HTTP_TASK,7,11080,11081,11113,11246,165,COMPLETED,worker-1,95
mixed-2005-00158~s20-20260927r47,COMPRESS_TASK,2,11259,11260,11308,11424,164,COMPLETED,worker-1,150
mixed-2005-00159~s20-20260927r47,SORT_TASK,9,11300,11308,11372,11372,64,COMPLETED,worker-3,1
mixed-2005-00160~s20-20260927r47,GRAPH_TASK,7,11388,11389,11425,11425,36,COMPLETED,worker-3,17
mixed-2005-00161~s20-20260927r47,COMPRESS_TASK,1,11426,11427,11491,11732,305,COMPLETED,worker-1,270
mixed-2005-00162~s20-20260927r47,COMPRESS_TASK,9,11509,11510,11542,11733,223,COMPLETED,worker-3,190
mixed-2005-00163~s20-20260927r47,MATRIX_TASK,6,11585,11587,11607,11607,20,COMPLETED,worker-1,7
mixed-2005-00164~s20-20260927r47,SORT_TASK,2,11617,11622,11672,11672,50,COMPLETED,worker-1,6
mixed-2005-00165~s20-20260927r47,COMPRESS_TASK,4,11735,11748,11795,12259,511,COMPLETED,worker-1,456
mixed-2005-00166~s20-20260927r47,MATRIX_TASK,10,11770,11772,11797,11797,25,COMPLETED,worker-1,6
mixed-2005-00167~s20-20260927r47,HASH_TASK,10,11776,11779,11797,11866,87,COMPLETED,worker-3,17
mixed-2005-00168~s20-20260927r47,HASH_TASK,10,11851,11851,11867,11923,72,COMPLETED,worker-1,21
mixed-2005-00169~s20-20260927r47,CPU_TASK,5,11997,11998,12040,12040,42,COMPLETED,worker-1,1
mixed-2005-00170~s20-20260927r47,HTTP_TASK,4,12074,12076,12099,12259,183,COMPLETED,worker-1,164
mixed-2005-00171~s20-20260927r47,COMPRESS_TASK,5,12117,12119,12152,12376,257,COMPLETED,worker-3,224
mixed-2005-00172~s20-20260927r47,CPU_TASK,1,12148,12150,12206,12206,56,COMPLETED,worker-3,1
mixed-2005-00173~s20-20260927r47,MATRIX_TASK,10,12153,12156,12207,12207,51,COMPLETED,worker-3,8
mixed-2005-00174~s20-20260927r47,HASH_TASK,9,12275,12276,12323,12323,47,COMPLETED,worker-1,26
mixed-2005-00175~s20-20260927r47,HTTP_TASK,10,12279,12282,12324,12430,148,COMPLETED,worker-1,115
mixed-2005-00176~s20-20260927r47,MONTE_CARLO_TASK,8,12325,12325,12377,12377,52,COMPLETED,worker-1,30
mixed-2005-00177~s20-20260927r47,HASH_TASK,5,12397,12414,12431,12492,78,COMPLETED,worker-1,26
mixed-2005-00178~s20-20260927r47,MATRIX_TASK,5,12482,12482,12492,12545,63,COMPLETED,worker-1,9
mixed-2005-00179~s20-20260927r47,COMPRESS_TASK,10,12511,12514,12545,13036,522,COMPLETED,worker-1,503
mixed-2005-00180~s20-20260927r47,FILE_IO_TASK,4,12582,12582,12598,12670,88,COMPLETED,worker-1,70
mixed-2005-00181~s20-20260927r47,MONTE_CARLO_TASK,1,12708,12708,12725,12790,82,COMPLETED,worker-3,14
mixed-2005-00182~s20-20260927r47,CPU_TASK,8,12827,12836,12852,12852,16,COMPLETED,worker-3,7
mixed-2005-00183~s20-20260927r47,CPU_TASK,6,12861,12864,12905,12905,41,COMPLETED,worker-3,8
mixed-2005-00184~s20-20260927r47,GRAPH_TASK,6,12874,12884,12905,12964,80,COMPLETED,worker-3,19
mixed-2005-00185~s20-20260927r47,HASH_TASK,8,12934,12948,12965,12965,17,COMPLETED,worker-3,5
mixed-2005-00186~s20-20260927r47,HASH_TASK,7,13099,13100,13168,13168,68,COMPLETED,worker-3,4
mixed-2005-00187~s20-20260927r47,HTTP_TASK,10,13110,13117,13169,13341,224,COMPLETED,worker-3,176
mixed-2005-00188~s20-20260927r47,HASH_TASK,1,13226,13231,13234,13288,57,COMPLETED,worker-1,35
mixed-2005-00189~s20-20260927r47,GRAPH_TASK,2,13252,13253,13289,13341,88,COMPLETED,worker-1,36
mixed-2005-00190~s20-20260927r47,HTTP_TASK,6,13318,13318,13342,13455,137,COMPLETED,worker-3,95
mixed-2005-00191~s20-20260927r47,SORT_TASK,1,13346,13348,13395,13455,107,COMPLETED,worker-1,87
mixed-2005-00192~s20-20260927r47,MATRIX_TASK,8,13361,13363,13396,13396,33,COMPLETED,worker-1,4
mixed-2005-00193~s20-20260927r47,HTTP_TASK,2,13459,13471,13519,13638,167,COMPLETED,worker-3,113
mixed-2005-00194~s20-20260927r47,MONTE_CARLO_TASK,3,13573,13577,13584,13765,188,COMPLETED,worker-1,168
mixed-2005-00195~s20-20260927r47,FILE_IO_TASK,7,13589,13591,13638,13638,47,COMPLETED,worker-3,24
mixed-2005-00196~s20-20260927r47,CPU_TASK,7,13668,13669,13702,13702,33,COMPLETED,worker-3,2
mixed-2005-00197~s20-20260927r47,SORT_TASK,8,14005,14007,14011,14063,56,COMPLETED,worker-3,1
mixed-2005-00198~s20-20260927r47,MATRIX_TASK,8,14014,14017,14063,14063,46,COMPLETED,worker-3,7
mixed-2005-00199~s20-20260927r47,SLEEP_TASK,2,14032,14035,14064,14316,281,COMPLETED,worker-3,262
mixed-2005-00200~s20-20260927r47,MATRIX_TASK,8,14202,14215,14248,14248,33,COMPLETED,worker-1,17
mixed-2005-00201~s20-20260927r47,COMPRESS_TASK,7,14285,14286,14316,14740,454,COMPLETED,worker-1,426
mixed-2005-00202~s20-20260927r47,MONTE_CARLO_TASK,2,14549,14550,14568,14683,133,COMPLETED,worker-3,84
mixed-2005-00203~s20-20260927r47,HASH_TASK,5,14624,14630,14684,14684,54,COMPLETED,worker-1,31
mixed-2005-00204~s20-20260927r47,HTTP_TASK,3,14661,14663,14685,14804,141,COMPLETED,worker-3,88
mixed-2005-00205~s20-20260927r47,SLEEP_TASK,10,14676,14678,14685,15970,1292,COMPLETED,worker-1,1258
mixed-2005-00206~s20-20260927r47,GRAPH_TASK,8,14735,14740,14806,14806,66,COMPLETED,worker-1,4
mixed-2005-00207~s20-20260927r47,HTTP_TASK,5,14760,14772,14806,15103,331,COMPLETED,worker-1,323
mixed-2005-00208~s20-20260927r47,COMPRESS_TASK,3,14874,14890,14930,15104,214,COMPLETED,worker-3,197
mixed-2005-00209~s20-20260927r47,MATRIX_TASK,10,14882,14891,14930,14930,39,COMPLETED,worker-3,3
mixed-2005-00210~s20-20260927r47,SLEEP_TASK,8,14897,14901,14931,15166,265,COMPLETED,worker-3,235
mixed-2005-00211~s20-20260927r47,HTTP_TASK,8,14912,14913,15105,15531,618,COMPLETED,worker-1,401
mixed-2005-00212~s20-20260927r47,HTTP_TASK,5,15014,15016,15106,16034,1018,COMPLETED,worker-1,524
mixed-2005-00213~s20-20260927r47,HASH_TASK,6,15089,15090,15168,15972,882,COMPLETED,worker-1,27
mixed-2005-00214~s20-20260927r47,GRAPH_TASK,5,15201,15215,15533,15533,318,COMPLETED,worker-3,22
mixed-2005-00215~s20-20260927r47,MONTE_CARLO_TASK,5,15281,15285,15533,15595,310,COMPLETED,worker-3,59
mixed-2005-00216~s20-20260927r47,SORT_TASK,9,15518,15529,15596,15650,121,COMPLETED,worker-3,4
mixed-2005-00217~s20-20260927r47,SLEEP_TASK,10,15587,15594,15650,16157,563,COMPLETED,worker-3,519
mixed-2005-00218~s20-20260927r47,MONTE_CARLO_TASK,10,15594,15596,15973,16099,503,COMPLETED,worker-3,112
mixed-2005-00219~s20-20260927r47,COMPRESS_TASK,10,15644,15645,15974,16100,455,COMPLETED,worker-3,114
mixed-2005-00220~s20-20260927r47,SLEEP_TASK,3,15681,15682,16036,16751,1069,COMPLETED,worker-3,675
mixed-2005-00221~s20-20260927r47,MATRIX_TASK,10,15742,15744,16102,16102,358,COMPLETED,worker-3,4
mixed-2005-00222~s20-20260927r47,MONTE_CARLO_TASK,4,15755,15756,16103,16103,347,COMPLETED,worker-3,30
mixed-2005-00223~s20-20260927r47,FILE_IO_TASK,2,15782,15786,16103,16158,372,COMPLETED,worker-3,41
mixed-2005-00224~s20-20260927r47,CPU_TASK,8,15793,15798,16104,16104,306,COMPLETED,worker-3,1
mixed-2005-00225~s20-20260927r47,COMPRESS_TASK,4,16080,16083,16105,16224,141,COMPLETED,worker-1,111
mixed-2005-00226~s20-20260927r47,COMPRESS_TASK,4,16125,16128,16159,16353,225,COMPLETED,worker-3,213
mixed-2005-00227~s20-20260927r47,FILE_IO_TASK,9,16267,16271,16289,16355,84,COMPLETED,worker-3,32
mixed-2005-00228~s20-20260927r47,HASH_TASK,4,16282,16286,16356,16356,70,COMPLETED,worker-1,16
mixed-2005-00229~s20-20260927r47,HASH_TASK,8,16415,16420,16466,16466,46,COMPLETED,worker-3,21
mixed-2005-00230~s20-20260927r47,CPU_TASK,1,16485,16487,16523,16523,36,COMPLETED,worker-3,3
mixed-2005-00231~s20-20260927r47,CPU_TASK,8,16560,16563,16586,16586,23,COMPLETED,worker-3,8
mixed-2005-00232~s20-20260927r47,COMPRESS_TASK,8,16576,16577,16587,16806,229,COMPLETED,worker-3,223
mixed-2005-00233~s20-20260927r47,GRAPH_TASK,5,16588,16593,16640,16640,47,COMPLETED,worker-3,30
mixed-2005-00234~s20-20260927r47,HASH_TASK,3,16593,16593,16640,16640,47,COMPLETED,worker-1,26
mixed-2005-00235~s20-20260927r47,COMPRESS_TASK,5,16790,16790,16806,17179,389,COMPLETED,worker-1,357
mixed-2005-00236~s20-20260927r47,COMPRESS_TASK,6,17032,17046,17062,17307,261,COMPLETED,worker-1,242
mixed-2005-00237~s20-20260927r47,GRAPH_TASK,4,17050,17052,17063,17234,182,COMPLETED,worker-1,30
mixed-2005-00238~s20-20260927r47,HASH_TASK,10,17107,17109,17126,17235,126,COMPLETED,worker-1,5
mixed-2005-00239~s20-20260927r47,MATRIX_TASK,1,17156,17158,17182,17236,78,COMPLETED,worker-1,24
